mov_time : 3.0  # movement time
tar_pose :
  r_hip_yaw : 0.000000
  l_hip_yaw : -0.000000
  r_hip_roll : -0.000000
  l_hip_roll : -0.000000
  r_hip_pitch : 30.00
  l_hip_pitch : -30.00
  r_knee : -60.00
  l_knee : 60.00
  r_ank_pitch : -30.00
  l_ank_pitch : 30.00
  r_ank_roll : -0.000000
  l_ank_roll : -0.000000
